-56
-80
36
99
-74
-94
-36
27
70
9
-45
100
-53
-12
29
-18
16
-25
19
-7
30
35
21
62
-41
-46
60
41
-96
92
67
-98
43
13
5
-20
-5
-39
77
15
-26
58
75
1
26
78
50
98
85
11
18
-71
17
-32
59
86
-87
76
22
31
64
34
0
-92
-29
6
45
51
-15
55
-10
-76
95
24
10
-75
94
-68
-58
80
-38
37
3
48
-24
-42
-95
79
-1
-49
87
-84
38
-67
-2
7
-17
96
8
33
47
-61
-52
-59
32
-66
-44
-31
-64
28
66
-22
42
44
93
-33
-14
49
84
-37
2
68
-60
-65
-3
-30
25
-100
-77
-43
-91
39
-57
-90
61
63
-4
46
-93
-8
40
91
52
83
73
-85
-28
14
-16
65
53
-34
20
12
-99
-6
71
69
90
-63
-11
-21
-13
-50
-27
-9
-70
-23
-86
97
-79
-35
56
-19
-88
-89
57
23
88
-69
-40
-55
-62
-97
-73
-48
72
74
-47
4
-81
89
-83
-51
-78
-72
-82
-54
-6
54
-56
-80
36
99
-74
-94
-36
27
70
9
-45
100
-53
-12
29
-18
16
-25
19
-7
30
35
21
62
-41
-46
60
41
-96
92
67
-98
43
13
5
-20
-5
-39
77
15
-26
58
75
1
26
78
50
98
85
11
18
-71
17
-32
59
86
-87
76
22
31
64
34
0
-92
-29
6
45
51
-15
55
-10
-76
95
24
10
-75
94
-68
-58
80
-38
37
3
48
-24
-42
-95
79
-1
-49
87
-84
38
-67
-2
7
-17
96
8
33
47
-61
-52
-59
32
-66
-44
-31
-64
28
66
-22
42
44
93
-33
-14
49
84
-37
2
68
-60
-65
-3
-30
25
-100
-77
-43
-91
39
-57
-90
61
63
-4
46
-93
-8
40
91
52
83
73
-85
-28
14
-16
65
53
-34
20
12
-99
-6
71
69
90
-63
-11
-21
-13
-50
-27
-9
-70
-23
-86
97
-79
-35
56
-19
-88
-89
57
23
88
-69
-40
-55
-62
-97
-73
-48
72
74
-47
4
-81
89
-83
-51
-78
-72
-82
-54
-6
54
